215jft9684 Hassine Neila 11524547 24 5 1990 1 Soussee 58456159 29145789 aucun 5 3 3 350 
159jft1234 chouchene Chafia 11645612 16 5 1990 1 sousse 26456159 57896452 aucun 1 3 1 116 
159jft1584 ouesleti Maissa 11548756 1 1 1990 1 monastir 25458789 56987412 aucun 3 2 2 360 
217jft9987 romdhani samar 1159874 1 1 1997 1 Tunis 5878956 25452159 aucun 3 2 3 159 
159jft1235 Hassene Siwar 12548945 6 4 1998 1 sousse 25478135 58789456 aucun 3 2 1 159 
213jft7702 fliss souna 11421542 14 5 2000 1 bizerte 58896876 25456123 aucun 2 2 1 200 
213jft7706 Fliss Safa 11421549 14 5 2000 1 Bizerte 58896876 25452563 aucun 3 1 1 200 
213jft9875 Fliss Safa 11598724 31 7 1998 1 bizerte 58896754 25456951 aucun 3 2 1 200 
1 1 1 1 1 1 1990 2 1 1 1 1 3 3 3 1 
1111258 aaa aa aa 1 1 1990 1 123 123 123 123 3 3 3 123 
9945 fddh fgfh 6556 1 1 1990 1 fdsg 95959652 5296595 sfdg 1 1 1 123 
